0.011000 0.012000 0.013000 0.014000 0.015000 0.016000 0.017000 0.018000 0.019000 0.020000 0.021000 0.022000 0.023000 0.024000 0.025000 0.026000 0.027000 0.028000 0.029000 0.030000 0.031000 0.032000 0.033000 0.034000 0.035000 0.036000 0.037000 0.038000 0.039000 0.040000 0.041000 0.042000 
0.021000 0.021999 0.022997 0.023996 0.024995 0.025994 0.026992 0.027991 0.028990 0.029990 0.030989 0.031988 0.032988 0.033987 0.034987 0.035987 0.036987 0.037987 0.038987 0.039988 0.040988 0.041989 0.042990 0.043990 0.044991 0.045992 0.046994 0.047995 0.048996 0.049997 0.050999 0.052000 
0.031000 0.031997 0.032995 0.033992 0.034990 0.035987 0.036985 0.037983 0.038981 0.039979 0.040978 0.041976 0.042975 0.043975 0.044974 0.045974 0.046974 0.047974 0.048975 0.049975 0.050976 0.051978 0.052979 0.053981 0.054983 0.055985 0.056987 0.057990 0.058992 0.059995 0.060997 0.062000 
0.041000 0.041996 0.042992 0.043988 0.044985 0.045981 0.046978 0.047975 0.048972 0.049969 0.050967 0.051965 0.052963 0.053962 0.054961 0.055961 0.056961 0.057961 0.058962 0.059963 0.060965 0.061967 0.062969 0.063972 0.064975 0.065978 0.066981 0.067985 0.068988 0.069992 0.070996 0.072000 
0.051000 0.051995 0.052990 0.053985 0.054980 0.055975 0.056971 0.057967 0.058963 0.059959 0.060956 0.061954 0.062952 0.063950 0.064949 0.065949 0.066949 0.067949 0.068950 0.069952 0.070954 0.071956 0.072959 0.073963 0.074967 0.075971 0.076975 0.077980 0.078985 0.079990 0.080995 0.082000 
0.061000 0.061994 0.062987 0.063981 0.064975 0.065969 0.066964 0.067959 0.068954 0.069950 0.070946 0.071943 0.072941 0.073939 0.074938 0.075937 0.076937 0.077938 0.078939 0.079941 0.080943 0.081946 0.082950 0.083954 0.084959 0.085964 0.086969 0.087975 0.088981 0.089987 0.090994 0.092000 
0.071000 0.071992 0.072985 0.073978 0.074971 0.075964 0.076957 0.077952 0.078946 0.079941 0.080937 0.081933 0.082930 0.083928 0.084926 0.085926 0.086926 0.087926 0.088928 0.089930 0.090933 0.091937 0.092941 0.093946 0.094952 0.095957 0.096964 0.097971 0.098978 0.099985 0.100992 0.102000 
0.081000 0.081991 0.082983 0.083975 0.084967 0.085959 0.086952 0.087945 0.088939 0.089933 0.090928 0.091924 0.092920 0.093918 0.094916 0.095915 0.096915 0.097916 0.098918 0.099920 0.100924 0.101928 0.102933 0.103939 0.104945 0.105952 0.106959 0.107967 0.108975 0.109983 0.110991 0.112000 
0.091000 0.091990 0.092981 0.093972 0.094963 0.095954 0.096946 0.097939 0.098932 0.099925 0.100920 0.101915 0.102911 0.103909 0.104907 0.105906 0.106906 0.107907 0.108909 0.109911 0.110915 0.111920 0.112925 0.113932 0.114939 0.115946 0.116954 0.117963 0.118972 0.119981 0.120990 0.122000 
0.101000 0.101990 0.102979 0.103969 0.104959 0.105950 0.106941 0.107933 0.108925 0.109919 0.110913 0.111908 0.112903 0.113900 0.114898 0.115897 0.116897 0.117898 0.118900 0.119903 0.120908 0.121913 0.122919 0.123925 0.124933 0.125941 0.126950 0.127959 0.128969 0.129979 0.130990 0.132000 
0.111000 0.111989 0.112978 0.113967 0.114956 0.115946 0.116937 0.117928 0.118920 0.119913 0.120906 0.121901 0.122896 0.123893 0.124891 0.125890 0.126890 0.127891 0.128893 0.129896 0.130901 0.131906 0.132913 0.133920 0.134928 0.135937 0.136946 0.137956 0.138967 0.139978 0.140989 0.142000 
0.121000 0.121988 0.122976 0.123965 0.124954 0.125943 0.126933 0.127924 0.128915 0.129908 0.130901 0.131895 0.132890 0.133887 0.134884 0.135883 0.136883 0.137884 0.138887 0.139890 0.140895 0.141901 0.142908 0.143915 0.144924 0.145933 0.146943 0.147954 0.148965 0.149976 0.150988 0.152000 
0.131000 0.131988 0.132975 0.133963 0.134952 0.135941 0.136930 0.137920 0.138911 0.139903 0.140896 0.141890 0.142885 0.143882 0.144879 0.145878 0.146878 0.147879 0.148882 0.149885 0.150890 0.151896 0.152903 0.153911 0.154920 0.155930 0.156941 0.157952 0.158963 0.159975 0.160988 0.162000 
0.141000 0.141987 0.142975 0.143962 0.144950 0.145939 0.146928 0.147918 0.148909 0.149900 0.150893 0.151887 0.152882 0.153878 0.154875 0.155874 0.156874 0.157875 0.158878 0.159882 0.160887 0.161893 0.162900 0.163909 0.164918 0.165928 0.166939 0.167950 0.168962 0.169975 0.170987 0.172000 
0.151000 0.151987 0.152974 0.153961 0.154949 0.155938 0.156926 0.157916 0.158907 0.159898 0.160891 0.161884 0.162879 0.163875 0.164873 0.165871 0.166871 0.167873 0.168875 0.169879 0.170884 0.171891 0.172898 0.173907 0.174916 0.175926 0.176938 0.177949 0.178961 0.179974 0.180987 0.182000 
0.161000 0.161987 0.162974 0.163961 0.164949 0.165937 0.166926 0.167915 0.168906 0.169897 0.170890 0.171883 0.172878 0.173874 0.174871 0.175870 0.176870 0.177871 0.178874 0.179878 0.180883 0.181890 0.182897 0.183906 0.184915 0.185926 0.186937 0.187949 0.188961 0.189974 0.190987 0.192000 
0.171000 0.171987 0.172974 0.173961 0.174949 0.175937 0.176926 0.177915 0.178906 0.179897 0.180890 0.181883 0.182878 0.183874 0.184871 0.185870 0.186870 0.187871 0.188874 0.189878 0.190883 0.191890 0.192897 0.193906 0.194915 0.195926 0.196937 0.197949 0.198961 0.199974 0.200987 0.202000 
0.181000 0.181987 0.182974 0.183961 0.184949 0.185938 0.186926 0.187916 0.188907 0.189898 0.190891 0.191884 0.192879 0.193875 0.194873 0.195871 0.196871 0.197873 0.198875 0.199879 0.200884 0.201891 0.202898 0.203907 0.204916 0.205926 0.206938 0.207949 0.208961 0.209974 0.210987 0.212000 
0.191000 0.191987 0.192975 0.193962 0.194950 0.195939 0.196928 0.197918 0.198909 0.199900 0.200893 0.201887 0.202882 0.203878 0.204875 0.205874 0.206874 0.207875 0.208878 0.209882 0.210887 0.211893 0.212900 0.213909 0.214918 0.215928 0.216939 0.217950 0.218962 0.219975 0.220987 0.222000 
0.201000 0.201988 0.202975 0.203963 0.204952 0.205941 0.206930 0.207920 0.208911 0.209903 0.210896 0.211890 0.212885 0.213882 0.214879 0.215878 0.216878 0.217879 0.218882 0.219885 0.220890 0.221896 0.222903 0.223911 0.224920 0.225930 0.226941 0.227952 0.228963 0.229975 0.230988 0.232000 
0.211000 0.211988 0.212976 0.213965 0.214954 0.215943 0.216933 0.217924 0.218915 0.219908 0.220901 0.221895 0.222890 0.223887 0.224884 0.225883 0.226883 0.227884 0.228887 0.229890 0.230895 0.231901 0.232908 0.233915 0.234924 0.235933 0.236943 0.237954 0.238965 0.239976 0.240988 0.242000 
0.221000 0.221989 0.222978 0.223967 0.224956 0.225946 0.226937 0.227928 0.228920 0.229913 0.230906 0.231901 0.232896 0.233893 0.234891 0.235890 0.236890 0.237891 0.238893 0.239896 0.240901 0.241906 0.242913 0.243920 0.244928 0.245937 0.246946 0.247956 0.248967 0.249978 0.250989 0.252000 
0.231000 0.231990 0.232979 0.233969 0.234959 0.235950 0.236941 0.237933 0.238925 0.239919 0.240913 0.241908 0.242903 0.243900 0.244898 0.245897 0.246897 0.247898 0.248900 0.249903 0.250908 0.251913 0.252919 0.253925 0.254933 0.255941 0.256950 0.257959 0.258969 0.259979 0.260990 0.262000 
0.241000 0.241990 0.242981 0.243972 0.244963 0.245954 0.246946 0.247939 0.248932 0.249925 0.250920 0.251915 0.252911 0.253909 0.254907 0.255906 0.256906 0.257907 0.258909 0.259911 0.260915 0.261920 0.262925 0.263932 0.264939 0.265946 0.266954 0.267963 0.268972 0.269981 0.270990 0.272000 
0.251000 0.251991 0.252983 0.253975 0.254967 0.255959 0.256952 0.257945 0.258939 0.259933 0.260928 0.261924 0.262920 0.263918 0.264916 0.265915 0.266915 0.267916 0.268918 0.269920 0.270924 0.271928 0.272933 0.273939 0.274945 0.275952 0.276959 0.277967 0.278975 0.279983 0.280991 0.282000 
0.261000 0.261992 0.262985 0.263978 0.264971 0.265964 0.266957 0.267952 0.268946 0.269941 0.270937 0.271933 0.272930 0.273928 0.274926 0.275926 0.276926 0.277926 0.278928 0.279930 0.280933 0.281937 0.282941 0.283946 0.284952 0.285957 0.286964 0.287971 0.288978 0.289985 0.290992 0.292000 
0.271000 0.271994 0.272987 0.273981 0.274975 0.275969 0.276964 0.277959 0.278954 0.279950 0.280946 0.281943 0.282941 0.283939 0.284938 0.285937 0.286937 0.287938 0.288939 0.289941 0.290943 0.291946 0.292950 0.293954 0.294959 0.295964 0.296969 0.297975 0.298981 0.299987 0.300994 0.302000 
0.281000 0.281995 0.282990 0.283985 0.284980 0.285975 0.286971 0.287967 0.288963 0.289959 0.290956 0.291954 0.292952 0.293950 0.294949 0.295949 0.296949 0.297949 0.298950 0.299952 0.300954 0.301956 0.302959 0.303963 0.304967 0.305971 0.306975 0.307980 0.308985 0.309990 0.310995 0.312000 
0.291000 0.291996 0.292992 0.293988 0.294985 0.295981 0.296978 0.297975 0.298972 0.299969 0.300967 0.301965 0.302963 0.303962 0.304961 0.305961 0.306961 0.307961 0.308962 0.309963 0.310965 0.311967 0.312969 0.313972 0.314975 0.315978 0.316981 0.317985 0.318988 0.319992 0.320996 0.322000 
0.301000 0.301997 0.302995 0.303992 0.304990 0.305987 0.306985 0.307983 0.308981 0.309979 0.310978 0.311976 0.312975 0.313975 0.314974 0.315974 0.316974 0.317974 0.318975 0.319975 0.320976 0.321978 0.322979 0.323981 0.324983 0.325985 0.326987 0.327990 0.328992 0.329995 0.330997 0.332000 
0.311000 0.311999 0.312997 0.313996 0.314995 0.315994 0.316992 0.317991 0.318990 0.319990 0.320989 0.321988 0.322988 0.323987 0.324987 0.325987 0.326987 0.327987 0.328987 0.329988 0.330988 0.331989 0.332990 0.333990 0.334991 0.335992 0.336994 0.337995 0.338996 0.339997 0.340999 0.342000 
0.321000 0.322000 0.323000 0.324000 0.325000 0.326000 0.327000 0.328000 0.329000 0.330000 0.331000 0.332000 0.333000 0.334000 0.335000 0.336000 0.337000 0.338000 0.339000 0.340000 0.341000 0.342000 0.343000 0.344000 0.345000 0.346000 0.347000 0.348000 0.349000 0.350000 0.351000 0.352000 
